wavelength	a	efficiency	b	c
302	0.2041	0.2041	0.2041	0.2041
303	0.2242	0.2242	0.2242	0.2242
304	0.2443	0.2443	0.2443	0.2443
305	0.2644	0.2644	0.2644	0.2644
306	0.2845	0.2845	0.2845	0.2845
307	0.2806	0.2806	0.2806	0.2806
308	0.2695	0.2695	0.2695	0.2695
309	0.2583	0.2583	0.2583	0.2583
310	0.2471	0.2471	0.2471	0.2471
311	0.2499	0.2499	0.2499	0.2499
312	0.27	0.27	0.27	0.27
313	0.2901	0.2901	0.2901	0.2901
314	0.3102	0.3102	0.3102	0.3102
315	0.3303	0.3303	0.3303	0.3303
316	0.3373	0.3373	0.3373	0.3373
317	0.3373	0.3373	0.3373	0.3373
318	0.3373	0.3373	0.3373	0.3373
319	0.3373	0.3373	0.3373	0.3373
320	0.3373	0.3373	0.3373	0.3373
321	0.3459	0.3459	0.3459	0.3459
322	0.3559	0.3559	0.3559	0.3559
323	0.366	0.366	0.366	0.366
324	0.376	0.376	0.376	0.376
325	0.385	0.385	0.385	0.385
326	0.3738	0.3738	0.3738	0.3738
327	0.3627	0.3627	0.3627	0.3627
328	0.3515	0.3515	0.3515	0.3515
329	0.3404	0.3404	0.3404	0.3404
330	0.3373	0.3373	0.3373	0.3373
331	0.3373	0.3373	0.3373	0.3373
332	0.3373	0.3373	0.3373	0.3373
333	0.3373	0.3373	0.3373	0.3373
334	0.3373	0.3373	0.3373	0.3373
335	0.328	0.328	0.328	0.328
336	0.318	0.318	0.318	0.318
337	0.308	0.308	0.308	0.308
338	0.2979	0.2979	0.2979	0.2979
339	0.2879	0.2879	0.2879	0.2879
340	0.2778	0.2778	0.2778	0.2778
341	0.2678	0.2678	0.2678	0.2678
342	0.2578	0.2578	0.2578	0.2578
343	0.2477	0.2477	0.2477	0.2477
344	0.2377	0.2377	0.2377	0.2377
345	0.2277	0.2277	0.2277	0.2277
346	0.2176	0.2176	0.2176	0.2176
347	0.2076	0.2076	0.2076	0.2076
348	0.1975	0.1975	0.1975	0.1975
349	0.2045	0.2045	0.2045	0.2045
350	0.2268	0.2268	0.2268	0.2268
351	0.2491	0.2491	0.2491	0.2491
352	0.2715	0.2715	0.2715	0.2715
353	0.2892	0.2892	0.2892	0.2892
354	0.2892	0.2892	0.2892	0.2892
355	0.2892	0.2892	0.2892	0.2892
356	0.2892	0.2892	0.2892	0.2892
357	0.3014	0.3014	0.3014	0.3014
358	0.3349	0.3349	0.3349	0.3349
359	0.3684	0.3684	0.3684	0.3684
360	0.4019	0.4019	0.4019	0.4019
361	0.4414	0.4414	0.4414	0.4404
362	0.5925	0.5925	0.5925	0.5717
363	0.7367	0.7367	0.7367	0.7031
364	0.8374	0.8374	0.8374	0.8345
365	0.938	0.938	0.938	0.9658
366	1.1516	1.1134	1.1158	1.0972
367	1.6795	1.497	1.5081	1.2286
368	2.2074	1.8806	1.9005	1.36
369	2.7353	2.2642	2.2929	1.4913
370	3.2633	2.6478	2.6853	1.6227
371	3.7912	3.0314	3.0777	1.7541
372	4.3191	3.415	3.4701	1.8863
373	4.847	3.874	3.8625	2.0375
374	5.3749	4.3787	4.2549	2.1886
375	5.9029	4.8817	4.6473	2.3398
376	6.4308	5.3847	5.0397	2.4909
377	6.9587	5.8877	5.4321	2.662
378	7.4866	6.3907	5.8245	2.8892
379	8.2398	6.8937	6.2169	3.1163
380	8.9919	7.3967	6.6093	3.3434
381	9.5443	7.8996	7.0017	3.6194
382	10.4472	8.4026	7.3941	3.9568
383	10.9553	8.9065	7.7865	4.2942
384	11.6049	9.4278	8.1789	4.6316
385	12.2154	9.9948	8.4525	4.969
386	12.8117	10.5618	8.6796	5.3063
387	13.3293	11.1288	9.1897	5.6636
388	13.8368	11.6423	9.7666	6.0282
389	14.2967	11.9539	10.3434	6.4341
390	14.8049	12.507	10.9202	6.9165
391	15.3992	13.2813	11.497	7.3364
392	16.065	14.0556	12.0388	7.6806
393	16.6762	14.7209	12.3422	8.0208
394	17.2764	15.0243	13.1768	8.3096
395	17.9233	15.4919	13.9945	8.5985
396	18.6341	16.1876	14.2217	8.8873
397	19.3893	16.9154	14.9417	9.1402
398	20.0212	17.6433	15.8515	9.38
399	20.6531	18.3374	16.0533	9.6198
400	21.2033	18.6408	16.4566	9.8596
401	21.7114	18.9442	17.0265	10.1111
402	22.1803	19.2927	17.5303	10.3636
403	22.6789	19.7544	17.732	10.6162
404	22.9657	20.0918	17.9284	10.8636
405	23.2182	20.3362	18.1099	11.0654
406	23.5194	20.5633	18.2914	11.2672
407	23.7585	20.749	18.7602	11.4689
408	23.94	20.9318	19.2683	11.6707
409	24.1068	21.1146	19.4356	11.8577
410	24.1823	21.2973	19.5968	12.0411
411	24.2577	21.4801	19.7861	12.2244
412	24.3331	21.6629	19.9946	12.4078
413	24.3924	21.8457	20.2032	12.5911
414	24.4147	21.994	20.4117	12.723
415	24.437	22.0568	20.6202	12.8118
416	24.4593	22.1197	20.8288	12.9006
417	24.4817	22.1825	21.0373	12.9893
418	24.4621	22.227	21.171	13.0781
419	24.442	22.2493	21.2044	13.1669
420	24.422	22.2716	21.2379	13.2557
421	24.4019	22.294	21.2714	13.3445
422	24.367	22.2997	21.2984	13.3909
423	24.2668	22.1995	21.2733	13.3741
424	24.1667	22.0994	21.2482	13.3574
425	24.0665	21.9992	21.2232	13.3407
426	23.8646	21.8531	21.1573	13.324
427	23.6399	21.6931	20.9804	13.3072
428	23.4152	21.5259	20.8035	13.2905
429	23.1905	21.346	20.6266	13.2738
430	22.8947	21.166	20.4497	13.2571
431	22.5624	20.6401	20.2729	13.1569
432	22.1975	20.0959	20.0959	13.0301
433	21.8325	19.8961	19.8961	12.9033
434	21.4874	19.6977	19.6977	12.7765
435	21.1383	19.5178	19.5178	12.6497
436	20.7118	19.3378	19.3378	12.523
437	20.3798	19.0571	19.0571	12.3962
438	19.9286	18.7008	18.7008	12.2355
439	19.4696	18.2815	18.2815	12.0457
440	18.9841	17.9495	17.9495	11.8558
441	18.584	17.6175	17.6175	11.6659
442	18.206	17.2916	17.2844	11.476
443	17.8459	16.9778	16.9492	11.3282
444	17.5139	16.6639	16.614	11.1973
445	17.1304	16.35	16.2788	11.0665
446	16.7436	16.0361	15.9436	10.9356
447	16.3568	15.7222	15.6083	10.8047
448	15.9699	15.4083	15.2731	10.6738
449	15.5831	15.0945	14.9379	10.5198
450	15.1963	14.7806	14.6027	10.3381
451	14.8095	14.4667	14.2675	10.1563
452	14.4226	14.2121	13.9323	9.9746
453	14.0358	13.9874	13.597	9.7928
454	13.649	13.6442	13.2618	9.6066
455	13.2622	13.258	12.9266	9.3958
456	12.8753	12.8718	12.5914	9.1849
457	12.4885	12.4856	12.2562	8.974
458	12.1017	12.0994	11.9209	8.7631
459	11.7149	11.7132	11.5857	8.5773
460	11.328	11.3271	11.2505	8.3973
461	10.9412	10.9409	10.9153	8.2174
462	10.6574	10.6574	10.6574	8.0374
463	10.4774	10.4774	10.4774	7.8575
464	10.2855	10.2855	10.2855	7.647
465	9.9685	9.9685	9.9685	7.4361
466	9.6514	9.6514	9.6514	7.2252
467	9.3344	9.3344	9.3344	7.0143
468	9.0174	9.0174	9.0174	6.8403
469	8.7004	8.7004	8.7004	6.6864
470	8.4542	8.4542	8.4542	6.5325
471	8.2295	8.2295	8.2295	6.3786
472	7.9426	7.9426	7.9426	6.2247
473	7.6531	7.6531	7.6531	6.0708
474	7.3788	7.3788	7.3788	5.9211
475	7.1563	7.1563	7.1563	5.7782
476	6.9963	6.9963	6.9963	5.6352
477	6.8363	6.8363	6.8363	5.4923
478	6.6763	6.6763	6.6763	5.3493
479	6.5162	6.5162	6.5162	5.2064
480	6.3152	6.3152	6.3152	5.0635
481	6.0905	6.0905	6.0905	4.9282
482	5.8973	5.8973	5.8973	4.7974
483	5.7174	5.7174	5.7174	4.6665
484	5.5413	5.5413	5.5413	4.5356
485	5.3747	5.3747	5.3747	4.4047
486	5.208	5.208	5.208	4.2738
487	5.036	5.036	5.036	4.1546
488	4.856	4.856	4.856	4.0545
489	4.6761	4.6761	4.6761	3.9543
490	4.5159	4.5159	4.5159	3.8542
491	4.3559	4.3559	4.3559	3.754
492	4.2114	4.2114	4.2114	3.6538
493	4.0779	4.0779	4.0779	3.5537
494	3.9445	3.9445	3.9445	3.4535
495	3.8341	3.8341	3.8341	3.3534
496	3.734	3.734	3.734	3.2608
497	3.6338	3.6338	3.6338	3.1711
498	3.5282	3.5282	3.5282	3.0815
499	3.4114	3.4114	3.4114	2.9919
500	3.2946	3.2946	3.2946	2.9022
501	3.196	3.196	3.196	2.8126
502	3.1209	3.1209	3.1209	2.7229
503	3.0457	3.0457	3.0457	2.6333
504	2.9705	2.9705	2.9705	2.5437
505	2.8659	2.8659	2.8659	2.4673
506	2.7407	2.7407	2.7407	2.4004
507	2.6488	2.6488	2.6488	2.3336
508	2.5737	2.5737	2.5737	2.2668
509	2.4985	2.4985	2.4985	2.1999
510	2.4233	2.4233	2.4233	2.1331
511	2.3277	2.3277	2.3277	2.0663
512	2.2276	2.2276	2.2276	1.9995
513	2.1274	2.1274	2.1274	1.9326
514	2.0855	2.0855	2.0855	1.8905
515	2.0478	2.0478	2.0478	1.8504
516	2.0102	2.0102	2.0102	1.8103
517	1.9701	1.9701	1.9701	1.7702
518	1.9032	1.9032	1.9032	1.7301
519	1.8364	1.8364	1.8364	1.6899
520	1.7741	1.7741	1.7741	1.6498
521	1.7295	1.7295	1.7295	1.6097
522	1.6849	1.6849	1.6849	1.5696
523	1.6404	1.6404	1.6404	1.5319
524	1.5958	1.5958	1.5958	1.4993
525	1.5463	1.5463	1.5463	1.4668
526	1.4962	1.4962	1.4962	1.4342
527	1.446	1.446	1.446	1.4017
528	1.3961	1.3961	1.3961	1.3692
529	1.3515	1.3515	1.3515	1.3366
530	1.3069	1.3069	1.3069	1.3041
531	1.2624	1.2624	1.2624	1.2716
532	1.2178	1.2178	1.2178	1.239
533	1.1977	1.1977	1.1977	1.2065
534	1.1877	1.1877	1.1877	1.1739
535	1.1776	1.1776	1.1776	1.1414
536	1.1676	1.1676	1.1676	1.1089
537	1.1576	1.1576	1.1576	1.0763
538	1.1339	1.1339	1.1339	1.0438
539	1.1088	1.1088	1.1088	1.0113
540	1.0837	1.0837	1.0837	0.9787
541	1.0602	1.0602	1.0602	0.9565
542	1.0602	1.0602	1.0602	0.9429
543	1.0602	1.0602	1.0602	0.9294
544	1.0602	1.0602	1.0602	0.9158
545	1.0602	1.0602	1.0602	0.9022
546	1.0353	1.0353	1.0353	0.8887
547	1.0019	1.0019	1.0019	0.8751
548	0.9684	0.9684	0.9684	0.8615
549	0.935	0.935	0.935	0.848
550	0.921	0.921	0.921	0.8344
551	0.9335	0.9335	0.9335	0.8209
552	0.9461	0.9461	0.9461	0.8073
553	0.9586	0.9586	0.9586	0.7937
554	0.9873	0.9873	0.9809	0.7802
555	1.0275	1.0275	1.0102	0.7666
556	1.0677	1.0677	1.0396	0.753
557	1.1079	1.1079	1.0689	0.7395
558	1.1481	1.1481	1.0982	0.7259
559	1.183	1.183	1.1275	0.7229
560	1.2165	1.2165	1.1568	0.7229
561	1.25	1.25	1.1861	0.7229
562	1.2835	1.2835	1.2154	0.7229
563	1.3249	1.3249	1.2447	0.7229
564	1.3752	1.3752	1.274	0.7229
565	1.4254	1.4254	1.3033	0.7229
566	1.4757	1.4757	1.3326	0.7229
567	1.5031	1.5031	1.3619	0.7229
568	1.5174	1.5174	1.3912	0.7229
569	1.5318	1.5318	1.4205	0.7229
570	1.5461	1.5461	1.4498	0.7311
571	1.5605	1.5605	1.4791	0.7423
572	1.5748	1.5748	1.5084	0.7534
573	1.5892	1.5892	1.5377	0.7646
574	1.6035	1.6035	1.567	0.7753
575	1.6179	1.6179	1.5963	0.7853
576	1.6322	1.6322	1.6256	0.7954
577	1.6323	1.6323	1.6323	0.8054
578	1.6212	1.6212	1.6212	0.8155
579	1.61	1.61	1.61	0.8193
580	1.5989	1.5989	1.5989	0.8193
581	1.5754	1.5754	1.5754	0.8193
582	1.5128	1.5128	1.5128	0.8193
583	1.4501	1.4501	1.4501	0.7932
584	1.3875	1.3875	1.3875	0.7598
585	1.3157	1.3157	1.3157	0.7263
586	1.2298	1.2298	1.2298	0.6929
587	1.1439	1.1439	1.1439	0.6655
588	1.059	1.059	1.059	0.6455
589	1.0088	1.0088	1.0088	0.6254
590	0.9587	0.9587	0.9587	0.6053
591	0.9085	0.9085	0.9085	0.5853
592	0.8638	0.8638	0.8638	0.5652
593	0.8438	0.8438	0.8438	0.5451
594	0.8237	0.8237	0.8237	0.5265
595	0.8036	0.8036	0.8036	0.5122
596	0.7836	0.7836	0.7836	0.4978
597	0.7635	0.7635	0.7635	0.4835
598	0.7434	0.7434	0.7434	0.4691
599	0.7233	0.7233	0.7233	0.4548
600	0.7033	0.7033	0.7033	0.4405
601	0.6832	0.6832	0.6832	0.4261
602	0.6651	0.6651	0.6651	0.4118
603	0.6483	0.6483	0.6483	0.3975
604	0.6316	0.6316	0.6316	0.3895
605	0.6149	0.6149	0.6149	0.4126
606	0.5982	0.5982	0.5982	0.4358
607	0.5814	0.5814	0.5814	0.459
608	0.5647	0.5647	0.5647	0.4822
609	0.548	0.548	0.548	0.5054
610	0.5312	0.5312	0.5312	0.5286
611	0.5093	0.5093	0.5093	0.5093
612	0.487	0.487	0.487	0.487
613	0.4647	0.4647	0.4647	0.4647
614	0.4424	0.4424	0.4424	0.4424
615	0.4337	0.4337	0.4337	0.4337
616	0.4337	0.4337	0.4337	0.4337
617	0.4337	0.4337	0.4337	0.4337
618	0.4337	0.4337	0.4337	0.4337
619	0.4337	0.4337	0.4337	0.4337
620	0.4337	0.4337	0.4337	0.4337
621	0.4337	0.4337	0.4337	0.4337
622	0.4337	0.4337	0.4337	0.4337
623	0.4337	0.4337	0.4337	0.4337
624	0.4435	0.4435	0.4435	0.4435
625	0.4535	0.4535	0.4535	0.4535
626	0.4636	0.4636	0.4636	0.4636
627	0.4736	0.4736	0.4736	0.4736
628	0.4802	0.4802	0.4802	0.4802
629	0.4702	0.4702	0.4702	0.4702
630	0.4601	0.4601	0.4601	0.4601
631	0.4501	0.4501	0.4501	0.4501
632	0.4401	0.4401	0.4401	0.4401
633	0.4384	0.4384	0.4384	0.4384
634	0.4509	0.4509	0.4509	0.4509
635	0.4635	0.4635	0.4635	0.4635
636	0.476	0.476	0.476	0.476
637	0.4674	0.4674	0.4674	0.4674
638	0.44	0.44	0.44	0.44
639	0.4127	0.4127	0.4127	0.4127
640	0.3853	0.3853	0.3853	0.3853
641	0.3579	0.3579	0.3579	0.3579
642	0.3405	0.3405	0.3405	0.3405
643	0.353	0.353	0.353	0.353
644	0.3656	0.3656	0.3656	0.3656
645	0.3781	0.3781	0.3781	0.3781
645.591	0.3855	0.3855	0.3855	0.3855

