wavelength	a	b	efficiency	c	d
301	12.1163	0.0067	0.054412500000002	-0.040204166666667	0.065867763157896
302	12.1099	0.0115	0.048012500000001	-0.035404166666667	0.058120394736843
303	12.1038	0.0162	0.041912500000001	-0.030704166666667	0.050736184210527
304	12.0979	0.0206	0.0360125	-0.026304166666667	0.043594078947368
305	12.0922	0.0248	0.030312500000001	-0.022104166666667	0.036694078947369
306	12.0868	0.0289	0.024912500000001	-0.018004166666667	0.030157236842106
307	12.0817	0.0327	0.019812500000001	-0.014204166666667	0.02398355263158
308	12.0767	0.0364	0.014812500000002	-0.010504166666667	0.017930921052633
309	12.072	0.0399	0.0101125	-0.007004166666667	0.012241447368421
310	12.0675	0.0432	0.005612500000002	-0.003704166666667	0.00679407894737
311	12.0632	0.0464	0.001312500000001	-0.000504166666667	0.001588815789475
312	12.0591	0.0494	-0.002787499999998	0.002495833333333	-0.003374342105261
313	12.0552	0.0522	-0.0066875	0.005295833333333	-0.008095394736842
314	12.0516	0.0548	-0.010287499999999	0.007895833333333	-0.012453289473683
315	12.0481	0.0573	-0.013787499999999	0.010395833333333	-0.016690131578947
316	12.0447	0.0597	-0.017187499999999	0.012795833333333	-0.02080592105263
317	12.0416	0.0619	-0.020287499999999	0.014995833333333	-0.024558552631577
318	12.0386	0.0639	-0.023287499999999	0.016995833333333	-0.028190131578946
319	12.0358	0.0658	-0.026087499999999	0.018895833333333	-0.031579605263157
320	12.0332	0.0676	-0.028687499999999	0.020695833333333	-0.034726973684209
321	12.0307	0.0693	-0.0311875	0.022395833333333	-0.037753289473684
322	12.0284	0.0708	-0.0334875	0.023895833333333	-0.0405375
323	12.0262	0.0722	-0.0356875	0.025295833333333	-0.043200657894737
324	12.0241	0.0735	-0.037787499999999	0.026595833333333	-0.045742763157893
325	12.0222	0.0746	-0.0396875	0.027695833333333	-0.048042763157894
326	12.0204	0.0757	-0.041487499999999	0.028795833333333	-0.050221710526314
327	12.0187	0.0766	-0.043187499999998	0.029695833333333	-0.052279605263156
328	12.0172	0.0774	-0.044687499999999	0.030495833333333	-0.05409539473684
329	12.0157	0.0782	-0.046187499999999	0.031295833333333	-0.055911184210524
330	12.0144	0.0788	-0.047487499999999	0.031895833333333	-0.057484868421051
331	12.0132	0.0794	-0.0486875	0.032495833333333	-0.0589375
332	12.0121	0.0799	-0.049787499999999	0.032995833333333	-0.060269078947367
333	12.011	0.0803	-0.0508875	0.033395833333333	-0.061600657894737
334	12.0101	0.0806	-0.0517875	0.033695833333333	-0.062690131578947
335	12.0092	0.0808	-0.052687499999999	0.033895833333333	-0.063779605263157
336	12.0084	0.081	-0.053487499999999	0.034095833333333	-0.064748026315788
337	12.0077	0.0811	-0.054187499999999	0.034195833333333	-0.065595394736841
338	12.0071	0.0811	-0.0547875	0.034195833333333	-0.066321710526315
339	12.0065	0.0811	-0.055387499999998	0.034195833333333	-0.067048026315787
340	12.0059	0.0811	-0.055987499999999	0.034195833333333	-0.067774342105262
341	12.0055	0.0809	-0.0563875	0.033995833333333	-0.068258552631578
342	12.005	0.0808	-0.056887499999999	0.033895833333333	-0.068863815789472
343	12.0046	0.0806	-0.057287499999999	0.033695833333333	-0.069348026315788
344	12.0043	0.0804	-0.057587499999999	0.033495833333333	-0.069711184210524
345	12.004	0.0801	-0.0578875	0.033195833333333	-0.070074342105263
346	12.0037	0.0798	-0.058187499999999	0.032895833333333	-0.070437499999999
347	12.0034	0.0795	-0.0584875	0.032595833333333	-0.070800657894737
348	12.0032	0.0792	-0.0586875	0.032295833333333	-0.071042763157894
349	12.003	0.0789	-0.058887499999999	0.031995833333333	-0.071284868421051
350	12.0027	0.0786	-0.059187499999998	0.031695833333333	-0.071648026315787
350.743	12.0026	0.0783	-0.0592875	0.031395833333333	-0.071769078947368
351	12.0025	0.0782	-0.0593875	0.031295833333333	-0.071890131578947
352	12.0023	0.0779	-0.059587499999999	0.030995833333333	-0.072132236842104
353	12.0021	0.0776	-0.059787499999999	0.030695833333333	-0.072374342105262
354	12.0018	0.0772	-0.0600875	0.030295833333333	-0.0727375
355	12.0016	0.0769	-0.060287499999999	0.029995833333333	-0.072979605263157
356	12.0013	0.0766	-0.060587499999999	0.029695833333333	-0.073342763157893
357	12.001	0.0764	-0.0608875	0.029495833333333	-0.073705921052631
358	12.0007	0.0761	-0.061187499999999	0.029195833333333	-0.074069078947367
359	12.0003	0.0759	-0.0615875	0.028995833333333	-0.074553289473684
360	11.9999	0.0757	-0.061987499999999	0.028795833333333	-0.075037499999999
361	11.9994	0.0756	-0.0624875	0.028695833333333	-0.075642763157894
362	11.999	0.0754	-0.062887499999999	0.028495833333333	-0.076126973684209
363	11.9986	0.0753	-0.0632875	0.028395833333333	-0.076611184210526
364	11.9982	0.0751	-0.063687499999999	0.028195833333333	-0.07709539473684
365	11.9979	0.0749	-0.0639875	0.027995833333333	-0.077458552631578
366	11.9976	0.0745	-0.064287499999999	0.027595833333333	-0.077821710526314
367	11.9975	0.0741	-0.064387499999999	0.027195833333333	-0.077942763157893
368	11.9975	0.0736	-0.064387499999999	0.026695833333333	-0.077942763157893
369	11.9977	0.0729	-0.064187499999999	0.025995833333333	-0.077700657894736
370	11.998	0.0721	-0.0638875	0.025195833333333	-0.0773375
371	11.9983	0.0713	-0.063587499999999	0.024395833333333	-0.076974342105262
372	11.9985	0.0705	-0.063387499999999	0.023595833333333	-0.076732236842104
373	11.9986	0.0699	-0.0632875	0.022995833333333	-0.076611184210526
374	11.9984	0.0695	-0.063487499999999	0.022595833333333	-0.076853289473683
375	11.9979	0.0694	-0.0639875	0.022495833333333	-0.077458552631578
376	11.997	0.0697	-0.064887499999999	0.022795833333333	-0.078548026315788
377	11.9955	0.0705	-0.066387499999999	0.023595833333333	-0.080363815789473
378	11.9934	0.0718	-0.0684875	0.024895833333333	-0.082905921052631
379	11.9909	0.0738	-0.070987499999999	0.026895833333333	-0.085932236842104
380	11.9884	0.0767	-0.073487499999999	0.029795833333333	-0.088958552631577
381	11.9862	0.0807	-0.075687499999999	0.033795833333333	-0.091621710526314
382	11.9847	0.0859	-0.077187499999999	0.038995833333333	-0.093437499999999
383	11.9843	0.0925	-0.0775875	0.045595833333333	-0.093921710526315
384	11.9852	0.1008	-0.076687499999999	0.053895833333333	-0.092832236842103
385	11.9878	0.1109	-0.074087499999999	0.063995833333333	-0.089684868421051
386	11.9923	0.1231	-0.069587499999999	0.076195833333333	-0.084237499999999
387	11.9992	0.1377	-0.062687499999999	0.090795833333333	-0.075884868421051
388	12.0098	0.1558	-0.052087499999999	0.108895833333333	-0.063053289473683
389	12.0258	0.1789	-0.036087499999999	0.131995833333333	-0.043684868421051
390	12.0493	0.2086	-0.012587499999999	0.161695833333333	-0.015237499999998
391	12.0832	0.2468	0.021312500000001	0.199895833333333	0.025799342105264
392	12.1314	0.2958	0.0695125	0.248895833333333	0.084146710526316
393	12.2007	0.3582	0.1388125	0.311295833333333	0.168036184210526
394	12.3039	0.4378	0.242012500000001	0.390895833333333	0.292962500000001
395	12.4697	0.5386	0.4078125	0.491695833333333	0.493667763157894
396	12.7511	0.663	0.6892125	0.616095833333333	0.83430986842105
397	13.2675	0.8115	1.2056125	0.764595833333333	1.45942565789473
398	14.1015	0.9848	2.0396125	0.937895833333333	2.46900460526315
399	15.1675	1.1833	3.1056125	1.13639583333333	3.75942565789473
400	16.4716	1.4069	4.4097125	1.35999583333333	5.33807302631577
401	17.7545	1.6556	5.6926125	1.60869583333333	6.89105723684208
402	19.0336	1.9346	6.9717125	1.88769583333333	8.4394414473684
403	20.3178	2.2548	8.2559125	2.20789583333333	9.99399934210523
404	21.2715	2.6316	9.2096125	2.58469583333333	11.1484782894737
405	22.3787	3.0844	10.3168125	3.03749583333333	12.4887730263158
406	23.0639	3.6398	11.0020125	3.59289583333333	13.3182256578947
407	23.3298	4.3699	11.2679125	4.32299583333333	13.6401046052631
408	23.473	5.3389	11.4111125	5.29199583333333	13.8134519736842
409	23.5696	6.1798	11.5077125	6.13289583333333	13.9303888157894
410	23.6433	6.9164	11.5814125	6.86949583333333	14.0196046052631
411	23.7052	7.639	11.6433125	7.59209583333333	14.0945361842105
412	23.7621	8.4557	11.7002125	8.40879583333333	14.1634151315789
413	23.8199	9.4439	11.7580125	9.39699583333333	14.2333835526315
414	23.8844	10.4216	11.8225125	10.3746958333333	14.3114625
415	23.9605	11.4057	11.8986125	11.3587958333333	14.4035835526315
416	24.0517	12.3222	11.9898125	12.2752958333333	14.5139835526315
417	24.1626	13.0379	12.1007125	12.9909958333333	14.6482309210526
418	24.2992	13.6542	12.2373125	13.6072958333333	14.8135888157894
419	24.4698	14.2155	12.4079125	14.1685958333333	15.0201046052631
420	24.6866	14.7482	12.6247125	14.7012958333333	15.2825467105263
421	24.9595	15.2762	12.8976125	15.2292958333333	15.6128993421052
422	25.291	15.7486	13.2291125	15.7016958333333	16.0141888157894
423	25.6787	16.0817	13.6168125	16.0347958333333	16.483509868421
424	26.1095	16.2882	14.0476125	16.2412958333333	17.0050046052631
425	26.5734	16.3996	14.5115125	16.3526958333333	17.5665677631578
426	27.0631	16.446	15.0012125	16.3990958333333	18.1593624999999
427	27.5557	16.4499	15.4938125	16.4029958333333	18.7556677631578
428	27.9765	16.4215	15.9146125	16.3745958333333	19.265057236842
429	28.2645	16.366	16.2026125	16.3190958333333	19.6136888157894
430	28.3965	16.285	16.3346125	16.2380958333333	19.7734782894736
431	28.3716	16.1778	16.3097125	16.1308958333333	19.7433361842105
432	28.2289	16.0402	16.1670125	15.9932958333333	19.5705940789473
433	28.0043	15.865	15.9424125	15.8180958333333	19.298709868421
434	27.7188	15.6475	15.6569125	15.6005958333333	18.9531046052631
435	27.3875	15.3867	15.3256125	15.3397958333333	18.552057236842
436	27.022	15.0912	14.9601125	15.0442958333333	18.109609868421
437	26.6183	14.7839	14.5564125	14.7369958333333	17.6209203947368
438	26.1755	14.4858	14.1136125	14.4388958333333	17.0848993421052
439	25.7188	14.2012	13.6569125	14.1542958333333	16.5320519736842
440	25.275	13.9311	13.2131125	13.8841958333333	15.9948203947368
441	24.86	13.6751	12.7981125	13.6281958333333	15.4924519736842
442	24.4838	13.4313	12.4219125	13.3843958333333	15.0370519736842
443	24.1437	13.1981	12.0818125	13.1511958333333	14.6253519736842
444	23.8301	12.9745	11.7682125	12.9275958333333	14.2457309210526
445	23.5347	12.7601	11.4728125	12.7131958333333	13.8881414473684
446	23.2527	12.555	11.1908125	12.5080958333333	13.5467730263158
447	22.9921	12.3594	10.9302125	12.3124958333333	13.231309868421
448	22.7621	12.1724	10.7002125	12.1254958333333	12.9528888157894
449	22.5657	11.9921	10.5038125	11.9451958333333	12.7151414473684
450	22.4022	11.8169	10.3403125	11.7699958333333	12.5172203947368
451	22.2689	11.6449	10.2070125	11.5979958333333	12.3558572368421
452	22.1586	11.4744	10.0967125	11.4274958333333	12.2223361842105
453	22.0619	11.304	10.0000125	11.2570958333333	12.1052782894736
454	21.9726	11.1319	9.9107125	11.0849958333333	11.9971782894736
455	21.8853	10.9566	9.8234125	10.9096958333333	11.8914993421052
456	21.7954	10.7761	9.7335125	10.7291958333333	11.7826730263158
457	21.6977	10.5882	9.6358125	10.5412958333333	11.6644046052631
458	21.5854	10.3896	9.5235125	10.3426958333333	11.5284625
459	21.4507	10.1774	9.3888125	10.1304958333333	11.3654046052631
460	21.2907	9.9523	9.2288125	9.90539583333333	11.1717203947368
461	21.1046	9.7165	9.0427125	9.66959583333333	10.9464414473684
462	20.8936	9.474	8.8317125	9.42709583333333	10.6910203947368
463	20.6618	9.2295	8.5999125	9.18259583333333	10.4104203947368
464	20.4167	8.986	8.3548125	8.93909583333334	10.1137203947368
465	20.1645	8.744	8.1026125	8.69709583333333	9.80842565789471
466	19.9062	8.5039	7.8443125	8.45699583333333	9.49574671052629
467	19.643	8.2659	7.5811125	8.21899583333333	9.1771361842105
468	19.376	8.0306	7.3141125	7.98369583333333	8.85392565789471
469	19.1073	7.7979	7.0454125	7.75099583333333	8.52865723684208
470	18.8402	7.5679	6.7783125	7.52099583333333	8.20532565789471
471	18.5787	7.3402	6.5168125	7.29329583333333	7.88877302631577
472	18.3262	7.1146	6.2643125	7.06769583333333	7.58311513157893
473	18.085	6.8907	6.0231125	6.84379583333333	7.29113618421051
474	17.8554	6.6694	5.7935125	6.62249583333333	7.01319934210524
475	17.6357	6.4518	5.5738125	6.40489583333333	6.7472467105263
476	17.4246	6.2391	5.3627125	6.19219583333333	6.49170460526314
477	17.2207	6.0323	5.1588125	5.98539583333333	6.24487828947367
478	17.0233	5.832	4.9614125	5.78509583333333	6.00592039473682
479	16.8319	5.6386	4.7700125	5.59169583333333	5.77422565789472
480	16.648	5.4519	4.5861125	5.40499583333333	5.55160986842104
481	16.4728	5.2717	4.4109125	5.22479583333333	5.33952565789472
482	16.3074	5.098	4.2455125	5.05109583333333	5.13930460526314
483	16.1522	4.9306	4.0903125	4.88369583333333	4.95143092105262
484	16.0075	4.7695	3.9456125	4.72259583333333	4.77626776315788
485	15.8727	4.6141	3.8108125	4.56719583333333	4.61308881578946
486	15.7456	4.4626	3.6837125	4.41569583333333	4.45923092105262
487	15.6244	4.3134	3.5625125	4.26649583333333	4.31251513157894
488	15.5073	4.1651	3.4454125	4.11819583333333	4.17076249999999
489	15.393	4.0159	3.3311125	3.96899583333333	4.03239934210525
490	15.2802	3.8642	3.2183125	3.81729583333333	3.8958519736842
491	15.1677	3.7092	3.1058125	3.66229583333333	3.75966776315788
492	15.0545	3.5538	2.9926125	3.50689583333333	3.62263618421052
493	14.9407	3.4019	2.8788125	3.35499583333333	3.48487828947367
494	14.827	3.2574	2.7651125	3.21049583333333	3.34724144736841
495	14.7139	3.1229	2.6520125	3.07599583333333	3.21033092105262
496	14.6019	3.0003	2.5400125	2.95339583333333	3.0747519736842
497	14.4914	2.8903	2.4295125	2.84339583333333	2.94098881578947
498	14.3828	2.7909	2.3209125	2.74399583333333	2.80952565789473
499	14.2766	2.6991	2.2147125	2.65219583333333	2.68096776315789
500	14.173	2.6129	2.1111125	2.56599583333333	2.5555572368421
501	14.0725	2.5304	2.0106125	2.48349583333333	2.43389934210526
502	13.9754	2.4504	1.9135125	2.40349583333333	2.3163572368421
503	13.8821	2.3713	1.8202125	2.32439583333333	2.20341513157894
504	13.793	2.2918	1.7311125	2.24489583333333	2.0955572368421
505	13.7085	2.2108	1.6466125	2.16389583333333	1.99326776315789
506	13.6291	2.1285	1.5672125	2.08159583333333	1.8971519736842
507	13.5548	2.0457	1.4929125	1.99879583333333	1.80720986842105
508	13.4851	1.9633	1.4232125	1.91639583333333	1.72283618421052
509	13.4195	1.882	1.3576125	1.83509583333333	1.64342565789473
510	13.3574	1.8026	1.2955125	1.75569583333333	1.56825197368421
511	13.2981	1.7258	1.2362125	1.67889583333333	1.49646776315789
512	13.2411	1.6523	1.1792125	1.60539583333333	1.42746776315789
513	13.1857	1.5822	1.1238125	1.53529583333333	1.36040460526316
514	13.1315	1.5153	1.0696125	1.46839583333333	1.29479407894737
515	13.0781	1.4514	1.0162125	1.40449583333333	1.23015197368421
516	13.0257	1.3903	0.963812500000001	1.34339583333333	1.16672039473684
517	12.9747	1.3317	0.912812500000001	1.28479583333333	1.10498355263158
518	12.9256	1.2756	0.8637125	1.22869583333333	1.04554671052631
519	12.8785	1.2218	0.816612500000002	1.17489583333333	0.98853092105263
520	12.834	1.1703	0.7721125	1.12339583333333	0.934662499999998
521	12.7924	1.121	0.730512500000001	1.07409583333333	0.884304605263157
522	12.7541	1.0739	0.6922125	1.02699583333333	0.837941447368419
523	12.7193	1.0291	0.657412500000001	0.982195833333333	0.795815131578946
524	12.6879	0.9866	0.626012500000002	0.939695833333333	0.757804605263158
525	12.6593	0.9464	0.597412500000001	0.899495833333333	0.723183552631578
526	12.6328	0.9084	0.5709125	0.861495833333333	0.691104605263156
527	12.6078	0.8728	0.5459125	0.825895833333333	0.660841447368419
528	12.5835	0.8394	0.521612500000002	0.792495833333333	0.631425657894737
529	12.5595	0.8082	0.497612500000001	0.761295833333333	0.602373026315788
530	12.535	0.7792	0.473112500000001	0.732295833333333	0.572715131578947
531	12.5093	0.7517	0.4474125	0.704795833333333	0.541604605263157
532	12.4821	0.7254	0.420212500000002	0.678495833333333	0.508678289473685
533	12.4538	0.6998	0.3919125	0.652895833333333	0.474420394736841
534	12.425	0.6744	0.363112500000001	0.627495833333333	0.439557236842106
535	12.3963	0.6487	0.334412500000001	0.601795833333333	0.404815131578947
536	12.3682	0.6223	0.306312500000001	0.575395833333333	0.370799342105263
537	12.3413	0.5946	0.279412500000001	0.547695833333333	0.338236184210527
538	12.316	0.5654	0.254112500000002	0.518495833333333	0.307609868421054
539	12.2928	0.5349	0.230912500000001	0.487995833333333	0.279525657894737
540	12.2722	0.5041	0.210312500000001	0.457195833333333	0.254588815789474
541	12.254	0.4737	0.1921125	0.426795833333333	0.232557236842105
542	12.238	0.4446	0.1761125	0.397695833333333	0.213188815789473
543	12.2239	0.4175	0.162012500000001	0.370595833333333	0.196120394736843
544	12.2113	0.3933	0.1494125	0.346395833333333	0.180867763157895
545	12.2001	0.3726	0.138212500000002	0.325695833333333	0.167309868421054
546	12.1901	0.3561	0.1282125	0.309195833333333	0.155204605263157
547	12.181	0.3438	0.1191125	0.296895833333333	0.144188815789473
548	12.1725	0.3348	0.1106125	0.287895833333333	0.133899342105263
549	12.1646	0.3284	0.102712500000001	0.281495833333333	0.124336184210527
550	12.157	0.3236	0.095112500000001	0.276695833333333	0.115136184210527
551	12.1499	0.3198	0.088012500000001	0.272895833333333	0.106541447368422
552	12.1429	0.316	0.0810125	0.269095833333333	0.098067763157894
553	12.1363	0.3117	0.074412500000001	0.264795833333333	0.090078289473685
554	12.1297	0.3058	0.067812500000001	0.258895833333333	0.082088815789474
555	12.1232	0.2976	0.061312500000002	0.250695833333333	0.074220394736844
556	12.1168	0.2867	0.0549125	0.239795833333333	0.06647302631579
557	12.1102	0.2738	0.048312500000002	0.226895833333333	0.058483552631581
558	12.1036	0.2594	0.041712500000001	0.212495833333333	0.050494078947369
559	12.0969	0.2441	0.035012500000001	0.197195833333333	0.04238355263158
560	12.0902	0.2285	0.0283125	0.181595833333333	0.03427302631579
561	12.0835	0.2134	0.021612500000002	0.166495833333333	0.026162500000002
562	12.0767	0.1993	0.014812500000002	0.152395833333333	0.017930921052633
563	12.07	0.1869	0.008112500000001	0.139995833333333	0.009820394736843
564	12.0634	0.1765	0.0015125	0.129595833333333	0.001830921052632
565	12.0569	0.1679	-0.004987499999999	0.120995833333333	-0.006037499999998
566	12.0504	0.1607	-0.0114875	0.113795833333333	-0.013905921052631
567	12.0441	0.1545	-0.017787499999999	0.107595833333333	-0.021532236842104
568	12.0377	0.149	-0.0241875	0.102095833333333	-0.029279605263158
569	12.0314	0.1438	-0.0304875	0.096895833333333	-0.036905921052631
570	12.0249	0.1386	-0.036987499999999	0.091695833333333	-0.044774342105261
571	12.0184	0.1331	-0.0434875	0.086195833333333	-0.052642763157894
572	12.0116	0.127	-0.0502875	0.080095833333333	-0.060874342105263
573	12.0046	0.12	-0.057287499999999	0.073095833333333	-0.069348026315788
574	11.9972	0.1125	-0.0646875	0.065595833333333	-0.078305921052631
575	11.9895	0.1047	-0.0723875	0.057795833333333	-0.08762697368421
576	11.9816	0.0968	-0.080287499999999	0.049895833333333	-0.097190131578946
577	11.9735	0.0893	-0.0883875	0.042395833333333	-0.106995394736841
578	11.9656	0.0824	-0.096287499999999	0.035495833333333	-0.116558552631577
579	11.9581	0.0765	-0.103787499999999	0.029595833333333	-0.125637499999999
580	11.9512	0.0717	-0.110687499999999	0.024795833333333	-0.133990131578946
581	11.945	0.0684	-0.116887499999999	0.021495833333333	-0.14149539473684
582	11.9398	0.0667	-0.122087499999999	0.019795833333333	-0.147790131578946
583	11.9358	0.0661	-0.126087499999999	0.019195833333333	-0.152632236842103
584	11.9329	0.0664	-0.128987499999999	0.019495833333333	-0.156142763157893
585	11.9311	0.0672	-0.130787499999999	0.020295833333333	-0.158321710526313
586	11.9301	0.068	-0.1317875	0.021095833333333	-0.159532236842104
587	11.9299	0.0687	-0.131987499999999	0.021795833333333	-0.159774342105262
588	11.9303	0.0687	-0.131587499999998	0.021795833333333	-0.159290131578945
589	11.9311	0.0678	-0.130787499999999	0.020895833333333	-0.158321710526313
590	11.9322	0.0655	-0.129687499999999	0.018595833333333	-0.156990131578946
591	11.9336	0.0617	-0.128287499999999	0.014795833333333	-0.15529539473684
592	11.935	0.0566	-0.126887499999999	0.009695833333333	-0.153600657894735
593	11.9363	0.0503	-0.1255875	0.003395833333333	-0.15202697368421
594	11.9375	0.043	-0.124387499999999	-0.003904166666667	-0.150574342105262
595	11.9383	0.0349	-0.123587499999999	-0.012004166666667	-0.14960592105263
596	11.9387	0.0262	-0.123187499999998	-0.020704166666667	-0.149121710526313
597	11.9385	0.0171	-0.1233875	-0.029804166666667	-0.149363815789473
597.948	11.9377	0.0082	-0.1241875	-0.038704166666667	-0.150332236842104

